# CNN_perf
R_square_train_lst = [0.9005317668021605, 0.9001435964279443, 0.8999941217470168, 0.9008028828882977, 0.8992979395471616, 0.8978362411627808, 0.897789098288037, 0.897545834423128, 0.8965626296460548, 0.8965282492348553, 0.8965945753604707, 0.8966194543354887, 0.8965618457241982, 0.8962390523870986, 0.8961984783522302, 0.8956251186841759, 0.8953475178551444, 0.8941959586886938, 0.894039724701018, 0.8937570905180199, 0.8918069687499833, 0.8913282343260276, 0.8850209409855794, 0.8848236909804832, 0.8839368584589543, 0.8838657198999694, 0.8837838877315606, 0.8837772494394898, 0.8836588449382243, 0.879614641742665, 0.8761282214521693, 0.8760635881197073, 0.8734152917313805, 0.8709809603348009, 0.8709133391504891, 0.8709025011087427, 0.8709072069630646, 0.870055173582406, 0.8650313933193807, 0.864947931177943, 0.8633347404309859, 0.8580770952304119, 0.8498588994920531, 0.8443080516999324, 0.8442916367889302, 0.819364743455861, 0.8192955487070273, 0.7820456312208233, 0.7245937721977372, 0.7244644892342111, 0.632830100593903, 0.6324506166731872, 0.4604581706929236, 0.18039446516378077, 0.17992863385237112, 0.12517966337524622, 0.12514595539045104, 0.12501535180207646, 0.12470988024836627, 0.11090828445243395, 0.0939370878531226, 0.09384761524490959, 0.09359895929958106, 0.08402401733820997, 0.08398127796178867, 0.08401944139360906, 0.0839601226534108, 0.08382859242836693, 0.06776843901492824, 0.06775064214946791, 0.0588024723212065, 0.05879362988539705, 0.058790439274984174, 0.8586722438354577, 0.05869562269341422, 0.8586710763771047, 0.8586697280209203, 0.8586790837672641, 0.8586655512421412, 0.8586693827060521]


R_square_test_lst = 
[0.9060116937368123,
 0.9056728580126673,
 0.9055540041707615,
 0.9063423754216368,
 0.9047325117142256,
 0.9034224567603756,
 0.903390639010278,
 0.9031640819211504,
 0.9022638335808038,
 0.902242389648256,
 0.9022922466403441,
 0.9023209579813058,
 0.9022766647249718,
 0.9020489456233306,
 0.9020200578849153,
 0.9014578810961517,
 0.9012055303478523,
 0.9002598475299022,
 0.9001472671380353,
 0.8999011551028652,
 0.8980498941176541,
 0.8977541657951976,
 0.8915782970534311,
 0.891408074490054,
 0.8906772959767604,
 0.890614796244847,
 0.8905387959892855,
 0.8905521135372829,
 0.8904374908296859,
 0.887401763552779,
 0.88436239738887,
 0.8842995221568805,
 0.8819921831128282,
 0.8794540667987644,
 0.8793893204154927,
 0.8793826130265924,
 0.8793875851809072,
 0.8785741947843898,
 0.8741999663059689,
 0.8741323328442978,
 0.8729024553572868,
 0.8682456042772833,
 0.8612268671382609,
 0.8558571804676267,
 0.8558637803681062,
 0.8340222640812661,
 0.8339637696305073,
 0.7985731685133441,
 0.7426394281300739,
 0.7425245368445288,
 0.6522542100521718,
 0.6518396225442564,
 0.4811380167996405,
 0.21074782747169463,
 0.2102922552545443,
 0.1516169314130692,
 0.1515870943107166,
 0.15145051711341806,
 0.15112374109928595,
 0.1349761032357778,
 0.11586013882449364,
 0.11576539641762218,
 0.11549916577014319,
 0.10537142584680459,
 0.10532825923323108,
 0.10537032557309645,
 0.10531039888661242,
 0.10517655056357123,
 0.08836481209963065,
 0.08834995933637901,
 0.07962186141666683,
 0.07961218683426974,
 0.07961030564185134,
 0.8672040986766895,
 0.07951516102490042,
 0.8672034720888143,
 0.8672021144614663,
 0.8672108117471575,
 0.8671985486926099,
 0.8672020995423302]

 norm_lst = 
 [77.93267896386232,
 77.6733463587513,
 77.60965365241601,
 77.65709294630653,
 77.16830959743015,
 75.7220053175815,
 75.67217498077208,
 75.36294890305888,
 75.06574033528685,
 75.02620600086917,
 75.13731538655695,
 75.06384433935003,
 74.98675370115966,
 74.82769536403538,
 74.79051857669599,
 74.62017485514534,
 74.16749139066238,
 73.86305441932028,
 73.76365914849856,
 72.96643239416277,
 72.2094400154706,
 71.64926927123554,
 70.14920640241574,
 69.95313388799414,
 69.75154998614106,
 69.6907308982249,
 69.64044674243503,
 69.52929946529353,
 69.46836715280327,
 68.38357056954193,
 67.9383562489636,
 67.89041139749673,
 67.19052647419394,
 66.71162321833695,
 66.67691156334159,
 66.65808038047705,
 66.66991201449125,
 66.2438703308209,
 64.65366060872726,
 64.59448336808505,
 64.40066151499917,
 63.356329685003814,
 61.29083324085351,
 60.09987186671213,
 59.92749583846886,
 55.74607040991878,
 55.71734516577545,
 51.18468933278713,
 44.91437862725923,
 44.887560584341216,
 37.64294882394209,
 37.61258870342929,
 29.902050678876122,
 19.6554084550235,
 19.64035139390143,
 17.19834243177137,
 17.20260910604009,
 17.200293618869793,
 17.186871013956488,
 16.49451076630122,
 15.676926067848665,
 15.678722933265107,
 15.660682746429961,
 14.86567485503404,
 14.86426037547854,
 14.871239310759655,
 14.868983500515116,
 14.862761257272085,
 14.008325276173613,
 14.013620157720709,
 13.11379272221903,
 13.114281793341918,
 13.116345887043915,
 29.079505865968002,
 13.110743234274892,
 29.076450633803812,
 29.077164926926876,
 29.082210724544353,
 29.073972298824494,
 29.073424660745374]


norm_test_lst = 
[78.3987203183855,
 78.11868708482308,
 78.05404998963225,
 78.10690935962252,
 77.61840999943799,
 76.14775845348201,
 76.09834855367902,
 75.77647986654958,
 75.48015980271033,
 75.44122409484434,
 75.56106144448144,
 75.49306363926763,
 75.41520971396326,
 75.2704738009562,
 75.23403365344288,
 75.0768971550327,
 74.61415424713245,
 74.34962587030225,
 74.25140353497767,
 73.43636109577287,
 72.68079705695231,
 72.15747491337264,
 70.62176078324947,
 70.41656676245789,
 70.23985914775054,
 70.17788046132405,
 70.12771467524064,
 70.02074014572979,
 69.96130562596407,
 68.88728076515059,
 68.46728386778865,
 68.41887354602231,
 67.70709475601068,
 67.18887044221941,
 67.15368023796023,
 67.13512139551766,
 67.1475187315558,
 66.68960006402985,
 65.10810094177181,
 65.04862773309938,
 64.88211903939316,
 63.80020490401674,
 61.75194983891141,
 60.529285504563205,
 60.35554063502052,
 56.08333574492015,
 56.05421004804359,
 51.41346987829371,
 44.99269373987927,
 44.965952661962085,
 37.72077956729495,
 37.69043688916367,
 30.028844974788022,
 19.75337054130398,
 19.73850635795919,
 17.276018979385096,
 17.280250974166567,
 17.277942086541497,
 17.264610085191293,
 16.580927504299865,
 15.75903364129447,
 15.760786513264625,
 15.74283759168859,
 14.950790731485673,
 14.949394466862923,
 14.956339065211361,
 14.954096733084336,
 14.947861531207854,
 14.080643327735288,
 14.085892003142485,
 13.174529792153109,
 13.174998922397723,
 13.177060682219313,
 29.641450837988195,
 13.17164778076027,
 29.638389064998968,
 29.639100428337457,
 29.644205981815706,
 29.635899259454163,
 29.635379861714853]


 lam_range = 
 array([0.003  , 0.00305, 0.0031 , 0.00315, 0.0032 , 0.00325, 0.0033 ,
       0.00335, 0.0034 , 0.00345, 0.0035 , 0.00355, 0.0036 , 0.00365,
       0.0037 , 0.00375, 0.0038 , 0.00385, 0.0039 , 0.00395, 0.004  ,
       0.00405, 0.0041 , 0.00415, 0.0042 , 0.00425, 0.0043 , 0.00435,
       0.0044 , 0.00445, 0.0045 , 0.00455, 0.0046 , 0.00465, 0.0047 ,
       0.00475, 0.0048 , 0.00485, 0.0049 , 0.00495, 0.005  , 0.00505,
       0.0051 , 0.00515, 0.0052 , 0.00525, 0.0053 , 0.00535, 0.0054 ,
       0.00545, 0.0055 , 0.00555, 0.0056 , 0.00565, 0.0057 , 0.00575,
       0.0058 , 0.00585, 0.0059 , 0.00595, 0.006  , 0.00605, 0.0061 ,
       0.00615, 0.0062 , 0.00625, 0.0063 , 0.00635, 0.0064 , 0.00645,
       0.0065 , 0.00655, 0.0066 , 0.00665, 0.0067 , 0.00675, 0.0068 ,
       0.00685, 0.0069 , 0.00695])

